%YAML:1.0

#common parameters
#support: 1 imu 1 cam; 1 imu 2 cam: 2 cam; 
imu: 1 
num_of_cam: 2


imu_topic: "/mavros/imu/data_raw"
image0_topic: "/camera/infra1/image_rect_raw"
image1_topic: "/camera/infra2/image_rect_raw"




output_path: "/home/emnavi/vins_output"


cam0_calib: "left.yaml"
cam1_calib: "right.yaml"
image_width: 640
image_height: 480

# swarm offset option
x_swarm_offset: 0.0
y_swarm_offset: 0.0

# Extrinsic parameter between IMU and Camera.
estimate_extrinsic: 1  # 0  Have an accurate extrinsic parameters. We will trust the following imu^R_cam, imu^T_cam, don't change it.
                        # 1  Have an initial guess about extrinsic parameters. We will optimize around your initial guess.

body_T_cam0: !!opencv-matrix
   rows: 4
   cols: 4
   dt: d
   data: [ 3.4572317526204266e-02, -1.1795886556515978e-03,
       9.9940150261617633e-01, 7.0151563804231334e-02,
       -9.9901844886110336e-01, -2.7750180832599947e-02,
       3.4526313138146136e-02, 4.8849266442114347e-02,
       2.7692845574671554e-02, -9.9961419359388937e-01,
       -2.1378188922176466e-03, 4.7902453078374908e-02, 0., 0., 0., 1. ]
body_T_cam1: !!opencv-matrix
   rows: 4
   cols: 4
   dt: d
   data: [ 3.4028461956714495e-02, -9.4055379562357766e-04,
       9.9942042161215516e-01, 6.5208426129038100e-02,
       -9.9903232306069789e-01, -2.7913559830477830e-02,
       3.3988978471498177e-02, -1.8767962065182450e-03,
       2.7865413271761508e-02, -9.9960989817835832e-01,
       -1.8894991521734017e-03, 5.0978459596673110e-02, 0., 0., 0., 1. ]
#Multiple thread support
multiple_thread: 1

#feature traker paprameters
max_cnt: 150            # max feature number in feature tracking
min_dist: 30            # min distance between two features 
freq: 10                # frequence (Hz) of publish tracking result. At least 10Hz for good estimation. If set 0, the frequence will be same as raw image 
F_threshold: 1.0        # ransac threshold (pixel)
show_track: 1           # publish tracking image as topic
flow_back: 1            # perform forward and backward optical flow to improve feature tracking accuracy

#optimization parameters
max_solver_time: 0.04  # max solver itration time (ms), to guarantee real time
max_num_iterations: 8   # max solver itrations, to guarantee real time
keyframe_parallax: 10.0 # keyframe selection threshold (pixel)

#imu parameters       The more accurate parameters you provide, the better performance
acc_n: 0.1          # accelerometer measurement noise standard deviation. #0.2   0.04
gyr_n: 0.01         # gyroscope measurement noise standard deviation.     #0.05  0.004
acc_w: 0.001         # accelerometer bias random work noise standard deviation.  #0.002
gyr_w: 0.0001       # gyroscope bias random work noise standard deviation.     #4.0e-5
g_norm: 9.805         # gravity magnitude

#unsynchronization parameters
estimate_td: 1                      # online estimate time offset between camera and imu
td: -0.01               # initial value of time offset. unit: s. readed image clock + td = real image clock (IMU clock)

#loop closure parameters
load_previous_pose_graph: 0        # load and reuse previous pose graph; load from 'pose_graph_save_path'
pose_graph_save_path: "/home/emnavi/vins_output/save_files/pose_graph" # save and load path
save_image: 1                   # save image in pose graph for visualization prupose; you can close this function by setting 0 

