cam_width: 640
cam_height: 480
cam_fx: 389.76165771484375
cam_fy: 389.76165771484375
cam_cx: 320.9847412109375
cam_cy: 236.5738067626953
