drone_id: 1
fx: 389.76165771484375
fy: 389.76165771484375
cx: 320.9847412109375
cy: 236.5738067626953
