drone_id: 1
fx: 391.9813537597656
fy: 391.9813537597656
cx: 324.4330139160156
cy: 240.08995056152344
