%YAML:1.0

#common parameters
#support: 1 imu 1 cam; 1 imu 2 cam: 2 cam; 
imu: 1
num_of_cam: 2


imu_topic: "/mavros/imu/data_raw"
image0_topic: "/camera/infra1/image_rect_raw"
image1_topic: "/camera/infra2/image_rect_raw"




output_path: "/home/emnavi/vins_output"


cam0_calib: "left.yaml"
cam1_calib: "right.yaml"
image_width: 640
image_height: 480

# swarm offset option
x_swarm_offset: 0.0
y_swarm_offset: 0.0

# Extrinsic parameter between IMU and Camera.
estimate_extrinsic: 0  # 0  Have an accurate extrinsic parameters. We will trust the following imu^R_cam, imu^T_cam, don't change it.
                        # 1  Have an initial guess about extrinsic parameters. We will optimize around your initial guess.

body_T_cam0: !!opencv-matrix
   rows: 4
   cols: 4
   dt: d
   data: [ 4.2404034967049586e-03, 2.4905699064703687e-02,
       9.9968081162553257e-01, 7.0577923675452570e-02,
       -9.9999052585803216e-01, 1.0887641007697457e-03,
       4.2145921402881722e-03, 2.8036944054656295e-02,
       -9.8344921639967613e-04, -9.9968921207884964e-01,
       2.4910079903674998e-02, 5.6916931128274076e-02, 0., 0., 0., 1. ]
body_T_cam1: !!opencv-matrix
   rows: 4
   cols: 4
   dt: d
   data: [ 5.8759808105098843e-03, 2.5554639708597383e-02,
       9.9965615750560888e-01, 6.9577425570447923e-02,
       -9.9998238332969058e-01, 9.9006774964183197e-04,
       5.8525888394092736e-03, -2.1691806555059145e-02,
       -8.4016652312363690e-04, -9.9967293659237133e-01,
       2.5560007140032592e-02, 5.6970336938636693e-02, 0., 0., 0., 1. ]
#Multiple thread support
multiple_thread: 1

#feature traker paprameters
max_cnt: 150            # max feature number in feature tracking
min_dist: 30            # min distance between two features 
freq: 10                # frequence (Hz) of publish tracking result. At least 10Hz for good estimation. If set 0, the frequence will be same as raw image 
F_threshold: 1.0        # ransac threshold (pixel)
show_track: 1           # publish tracking image as topic
flow_back: 1            # perform forward and backward optical flow to improve feature tracking accuracy

#optimization parameters
max_solver_time: 0.04  # max solver itration time (ms), to guarantee real time
max_num_iterations: 8   # max solver itrations, to guarantee real time
keyframe_parallax: 10.0 # keyframe selection threshold (pixel)

#imu parameters       The more accurate parameters you provide, the better performance
acc_n: 0.1          # accelerometer measurement noise standard deviation. #0.2   0.04
gyr_n: 0.01         # gyroscope measurement noise standard deviation.     #0.05  0.004
acc_w: 0.001         # accelerometer bias random work noise standard deviation.  #0.002
gyr_w: 0.0001       # gyroscope bias random work noise standard deviation.     #4.0e-5
g_norm: 9.805         # gravity magnitude

#unsynchronization parameters
estimate_td: 1                      # online estimate time offset between camera and imu
td: -0.01               # initial value of time offset. unit: s. readed image clock + td = real image clock (IMU clock)

#loop closure parameters
load_previous_pose_graph: 0        # load and reuse previous pose graph; load from 'pose_graph_save_path'
pose_graph_save_path: "/home/ll/vins_output/save_files/pose_graph" # save and load path
save_image: 1                   # save image in pose graph for visualization prupose; you can close this function by setting 0 


